7155395
7014182
6862330
6711069
6560203
6409127
6242699
6075632
5908766
5742417
5576856
5411972
5247502
5083750
4920572
4757992
4595826
4434481
4273313
4112146
3950979
3790403
3631055
3471807
3312943
3154232
2995472
2836739
2678396
2519954
2362438
2205168
2047719
1890011
1733260
1581862
1437911
1469298
1502321
1535547
1568770
1601999
1635824
1669939
1705683
1741812
1777585
1813439
1849309
1884892
1920626
1957750
1994979
2032533
2070206
2107367
2144854
2182871
2221130
2258480
2295726
2333260
2370563
2408237
2446002
2483696
2521570
2558892
2596201
2633126
2670284
2707353
2744534
2781673
2819043
2854936
2890670
2925900
2961003
2995877
3030609
3063917
3097074
3129706
3162349
3195053
3227566
3261171
3293082
3325012
3356736
3388417
3420271
3452241
3484335
3516338
3549580
3582812
3616141
3649429
3682139
3714976
3748202
3781645
3815118
3848635
3882098
3915260
3948537
3981560
4014068
4046629
4079467
4112228
4146475
4180335
4214226
4248395
4283735
4318961
4354012
4389029
4424285
4458700
4493097
4527097
4560767
4594515
4628173
4661437
4694539
4727608
4760547
4791920
4823105
4854095
4883352
4912251
4940678
4968496
4996338
5024301
5052167
5078614
5104713
5130790
5155506
5180000
5204471
5228611
5252530
5274943
5296914
5318494
5339619
5359243
5378503
5397705
5417712
5437367
5456714
5474647
5492598
5510391
5527976
5545584
5562258
5578820
5595092
5611061
5626825
5642169
5657550
5673960
5690260
5706450
5722167
5737537
5752739
5767845
5783896
5800099
5814912
5830786
5846337
5862082
5877622
5892997
5908329
5923555
5937449
5950916
5962489
5973631
5984484
5993944
6003105
6012139
6020649
6028825
6036775
6044434
6052070
6059578
6066708
6073497
6079986
6086114
6092220
6097124
6101679
6104783
6107537
6111251
6114770
6117550
6119927
6120773
6121149
6121030
6120553
6119935
6119215
6118180
6116808
6115148
6113394
6112508
6111347
6111420
6111404
6111396
6111293
6110855
6110360
6109582
6108396
6107250
6105585
6103788
6101759
6099490
6097279
6094697
6092102
6089342
6087226
6085124
6084243
6083009
6080452
6077843
6075108
6072192
6070164
6067923
6065424
6063159
6060593
6057693
6054447
6050933
6047028
6042886
6038422
6033688
6028807
6023718
6018403
6013090
6007659
6002064
5996123
5990103
5983807
5977347
5970881
5964296
5957300
5950018
5942411
5934480
5926434
5918092
5909374
5900506
5891469
5882197
5872751
5863115
5853298
5843407
5833512
5824580
5814963
5805266
5795528
5785543
5775460
5765242
5754803
5744338
5733554
5722143
5710838
5699167
5687184
5768859
5853131
5941011
6028841
6119084
6210365
6301660
6392716
6483699
6574678
6665506
6756287
6846883
6937497
7027881
7118221
7208230
7297939
7387555
7477205
7566831
7656266
7745202
7834062
7922932
8011480
8108779
8205838
8302752
8399531
8495879
8592151
8688215
8784166
8879870
8975284
9066654
9068267
9067181
9064802
9062181
9098968
9134514
9170052
9205567
9240989
9276317
9311493
9346509
9381652
9416809
9451956
9487135
9522260
9557273
9592080
9626946
9661839
9696575
9731243
9763322
9762219
9740395
9702308
9576622
9448427
9320106
9190532
9061035
8931627
8802300
8672955
8543494
8413933
8284235
8154332
8021974
7887661
7713409
7539242
7362395
7185580
7008582
6831546
6654427
6477304
6300130
6122830
5945507
5768279
5591114
5414129
5237198
5060227
4883766
4707201
4530861
4358313
4218217
4098009
3988640
3963150
3940025
3916991
3895023
3872998
3850989
3828919
3806833
3784842
3762721
3740668
3718548
3696638
3674815
3653085
3631580
3612611
3593623
3574725
3556021
3537345
3518667
3500086
3481587
3463170
3444671
3426289
3408048
3389927
3371974
3353998
3336112
3318301
3300562
3282833
3265250
3247672
3230179
3212659
3195210
3177776
3160440
3143002
3125712
3108830
3091974
3075206
3057270
3039373
3022880
3006481
2990150
2973989
2958017
2942122
2926258
2910481
2894825
2879176
2863589
2848135
2832708
2817531
2802332
2787165
2772104
2757094
2742169
2727425
2712605
2697883
2683260
2668671
2654120
2639726
2625418
2611263
2597024
2582930
2568878
2554768
2540777
2526767
2512917
2500356
2487644
2473813
2460144
2446460
2432824
2419123
2405509
2392091
2378703
2365434
2352149
2338993
2325980
2313190
2300491
2287881
2275206
2262811
2250457
2238257
2226036
2213923
2201830
2189727
2177734
2165786
2153823
2141953
2130187
2118415
2106660
2094974
2083230
2071573
2060172
2048861
2037513
2026207
2014929
2003726
1992561
1981380
1970295
1959220
1948142
1937183
1926409
1915790
1905232
1894692
1884134
1873571
1863047
1852532
1841860
1831223
1820637
1810092
1799743
1789370
1779047
1768800
1757359
1745942
1734557
1723271
1712006
1700779
1689682
1678607
1667525
1656548
1645587
1634732
1624013
1613307
1602660
1591998
1581444
1570990
1560522
1550036
1539570
1529105
1518779
1508479
1498243
1488174
1478083
1468133
1458278
1448440
1438596
1428781
1419041
1409417
1399854
1390344
1380964
1372838
1366004
1359250
1352511
1345832
1339202
1332473
1325569
1318650
1311824
1305007
1298218
1291506
1284801
1278190
1271645
1265238
1258749
1252289
1245815
1239411
1233090
1226788
1220515
1214258
1208100
1201979
1195916
1189856
1183814
1177846
1171966
1166143
1160309
1154528
1148778
1143078
1137359
1130515
1123738
1116979
1110237
1103432
1096641
1089994
1083305
1076674
1070061
1063462
1056905
1050413
1044004
1037778
1031540
1025411
1019274
1013166
1007036
1000940
994874
988787
982726
976672
970667
964671
958761
952954
947243
941533
935899
930338
924870
919461
914036
908618
903290
897992
892743
887541
882322
877145
872032
866925
861874
856820
851779
846712
841603
836523
831482
826434
821367
816290
811239
806215
801221
796347
791550
786783
782064
777395
772796
768258
763788
761680
759712
757952
756185
754444
752864
751353
749908
748599
747341
746266
745298
744447
743691
743029
742417
741847
741435
741182
741072
741063
741133
741368
741632
741884
742136
742490
743100
743644
744223
744955
745701
746559
747525
748560
749739
750988
752260
753569
755001
756378
757878
759262
760715
762300
763875
765383
767054
768787
770756
772827
774803
776808
778868
780973
783147
785334
787605
790046
792443
794743
796953
799192
801386
803680
806047
808449
810705
813168
815547
817970
820431
822911
825376
827749
830155
832502
834782
836999
839120
841305
843471
845591
847764
849732
851728
853785
855766
857854
859854
861835
863759
865530
867305
869103
870874
872584
874301
876238
878072
879869
881769
883605
885414
887225
888926
890624
892402
894159
895997
898004
899850
901646
903406
905204
907247
909361
911445
913650
915857
918101
920312
922489
924630
926900
929032
931233
933501
935823
938230
940653
943127
945784
948415
951211
954016
956840
959701
962456
965144
967790
970622
973351
975041
976880
978709
980626
982544
984289
985992
987698
989469
991132
992833
994694
996485
998091
999674
1001286
1002909
1004552
1006251
1008003
1009755
1011649
1013530
1015320
1017128
1018979
1020893
1022731
1024699
1026711
1028773
1031368
1034014
1036646
1039324
1042058
1044810
1048840
1052892
1056868
1060688
1064675
1068499
1072406
1076294
1080252
1084314
1088402
1092427
1096328
1100178
1104020
1107896
1111643
1115321
1119087
1122852
1126615
1130263
1133951
1137597
1141103
1144451
1147834
1151210
1154504
1157762
1160975
1164320
1167751
1171053
1174322
1177600
1181004
1184445
1187659
1190796
1193755
1196714
1199520
1202293
1204991
1207660
1210187
1212644
1215057
1217416
1219888
1222299
1224679
1227127
1229336
1231448
1233582
1235703
1237707
1239730
1241607
1243470
1245204
1246915
1248683
1250300
1251846
1253403
1254874
1256390
1257851
1259268
1260697
1262107
1263494
1264789
1266090
1267186
1268200
1269105
1269974
1270939
1271763
1272407
1273017
1273708
1274332
1274882
1275413
1275891
1276343
1276708
1276928
1277031
1277123
1277219
1277401
1277592
1277579
1277548
1277399
1277162
1276856
1276445
1277444
1278445
1279400
1280326
1281338
1282411
1283410
1284540
1285752
1287006
1288145
1289301
1290507
1291603
1292756
1293913
1295192
1296455
1297724
