7003
8361
9791
11563
13537
15631
17763
19979
22313
24686
28030
31424
36142
42155
48220
55099
62527
69986
77715
85495
93303
101653
110286
119819
129570
140089
150780
161517
172357
183230
194154
205092
216162
227533
243633
259800
276650
293957
311280
328814
346435
364336
382384
400563
418923
439541
460334
481252
502345
524025
545981
567923
590894
613985
643401
673088
703607
734034
764609
795636
826861
858155
889205
922047
955239
988589
1022781
1057261
1091970
1126617
1161962
1197441
1233192
1268904
1304572
1340614
1376996
1413351
1458458
1503650
1549471
1595987
1642557
1689416
1736267
1782853
1828611
1876199
1923448
1971029
2018564
2066225
2113997
2162289
2210347
2258520
2306809
2355343
2403105
2450461
2496071
2541025
2585899
2630733
2675367
2719720
2763311
2804845
2845373
2885072
2912504
2939488
2967762
2996083
3023848
3051149
3078166
3104734
3130127
3155018
3179408
3203982
3228376
3252550
3275630
3298620
3321068
3343300
3365016
3386557
3407917
3428294
3450065
3472073
3493344
3513899
3533919
3553500
3573285
3591731
3607697
3623519
3639920
3655969
3671536
3687388
3703170
3718650
3733332
3745955
3758170
3769686
3780411
3790777
3801190
3803697
3806412
3808667
3810796
3812415
3813528
3813691
3814182
3814650
3814432
3814618
3814716
3814475
3813867
3813369
3812619
3811095
3808522
3804303
3800022
3795581
3790723
3784876
3778404
3770536
3762531
3753734
3743770
3733508
3722885
3712460
3703216
3695775
3686091
3676665
3667499
3658646
3649470
3641123
3633321
3626464
3619250
3612048
3604906
3598227
3590807
3582745
3574908
3567024
3558866
3551004
3542979
3534851
3526469
3515897
3504689
3494206
3483679
3474053
3464335
3454231
3443565
3432423
3419487
3406317
3393263
3379551
3365168
3350824
3336159
3320866
3305861
3290443
3275123
3259849
3243984
3227658
3211724
3195208
3178193
3161059
3143693
3126497
3109838
3093300
3077494
3061184
3044458
3027209
3009955
2990810
2971274
2951872
2932359
2912847
2893741
2874422
2855490
2836147
2816363
2796944
2777717
2758172
2738669
2719248
2699734
2679798
2660040
2638750
2617208
2595885
2574733
2553856
2533115
2512613
2492069
2471535
2451242
2430510
2410307
2390048
2370221
2352052
2334038
2315885
2297281
2277807
2258347
2239084
2219777
2200654
2182031
2162244
2142315
2121918
2100908
2080177
2059354
2038568
2017790
1997784
1977413
1955809
1934390
1912799
1891681
1870928
1850614
1830610
1811007
1791830
1772759
1754056
1735260
1716907
1699151
1681877
1665085
1648749
1632311
1616412
1600957
1585171
1569575
1555549
1541546
1527756
1514749
1501374
1487860
1474630
1461740
1448971
1436543
1426034
1415624
1405512
1394866
1384262
1373443
1362476
1351762
1341126
1330517
1320581
1310935
1301017
1291182
1281397
1271557
1262062
1252945
1244008
1235628
1227651
1219566
1211018
1202788
1194369
1186074
1177920
1170042
1162512
1155616
1148659
1141989
1135309
1128789
1122418
1116857
1111351
1105966
1100696
1095426
1090123
1084775
1078627
1072467
1066570
1061643
1056599
1051899
1046970
1042046
1037129
1032201
1027100
1021883
1016668
1011267
1006023
1000692
995378
989959
984459
979341
974523
969658
964974
960456
955701
950741
945822
940694
935517
930427
925319
920214
915049
909877
904578
899209
893852
888266
882602
876676
870785
865105
859082
853150
847121
840477
833805
827461
821154
814913
808673
802265
795776
789223
782558
775923
769384
763422
757418
751633
745862
739675
733351
726912
720391
714011
707097
700392
693796
687355
681001
674580
668151
661876
655515
648972
642575
636307
629946
623605
617391
611064
604707
598388
592066
585831
579754
573664
567639
561591
555343
549085
542816
536743
530727
524747
518767
512817
507274
501453
495696
489885
484090
478297
472564
466676
460759
454817
448897
443036
437262
431563
425962
420430
414880
409365
403942
398540
393218
388006
382628
377268
372034
366826
361627
356534
351468
346502
341574
336713
332005
327494
322951
318444
314001
309643
305448
301680
297978
294350
290779
287200
283644
280475
277265
274036
270832
267637
264509
261392
258317
255282
252277
249116
246157
243238
240371
237553
235554
233575
231657
229814
228020
226251
224543
222875
221292
219794
218342
216900
215479
214340
213308
212286
211261
210284
209437
208516
207595
206709
205797
204892
204161
203439
202727
202281
201736
201194
200681
200172
199699
199221
198755
198314
197822
197319
196797
196440
196103
195813
195254
194867
194498
194123
193730
195103
196447
197777
199134
200789
202474
204154
205853
207383
208928
210647
212514
214538
216671
218786
220908
223215
225527
227804
230064
232315
234543
236654
238704
240701
243159
245560
247945
250331
252678
255309
257934
260532
263075
265577
268189
270654
272929
275008
277057
279108
281289
282666
284181
285805
287437
288944
290464
291951
293432
294921
296389
297817
299113
301056
303134
305195
307241
309273
311342
313906
316321
318724
321438
324185
326950
329765
332391
334980
337881
340762
343634
346506
349516
352391
355274
358115
360676
363036
365208
367644
370055
372363
374552
376690
378597
380693
382520
384354
386052
387597
389377
391406
393411
395392
397414
399093
400393
401660
402913
404300
405681
406879
407931
408987
409916
410831
411758
412698
413497
413964
414149
414196
414249
414385
414395
414746
414907
415053
415242
415532
415670
416083
416512
416935
417221
417508
417964
418268
418260
418354
418467
418610
418355
417969
417610
416801
415977
415269
414680
414097
413261
412210
411174
410129
409425
408532
407536
406278
405022
403735
402355
401280
400399
399557
398579
397507
396366
395071
393542
391838
390147
388460
386852
384948
383066
381214
379401
377273
375076
372717
370513
368269
365860
363050
360378
357699
355029
352496
349956
347388
344411
341880
339401
337044
334841
332444
329578
326798
323866
321083
318300
315510
312657
309731
306754
303827
301077
298216
295333
292416
289622
286612
283589
280661
277743
275167
272653
270187
267705
265367
262338
259626
256941
254263
251641
249265
246893
244549
242250
240140
238084
236020
234205
232208
230246
228179
226076
224079
222195
220321
218503
216655
214883
213164
211595
210039
208363
206718
205059
203488
201966
200456
198819
197045
195318
193682
192093
190255
188611
187001
185456
183949
182767
181598
180439
179168
177942
176725
175528
174344
173184
172030
170889
169775
168728
168002
167312
166756
166156
165564
165009
164443
163932
163334
162612
161788
160873
159972
159156
158393
157630
156899
156169
155435
154824
154417
153951
153529
153116
152775
152177
151532
150868
150212
149570
148939
148316
147866
147435
147017
146542
146041
145549
144917
144270
143627
142983
142318
141458
140589
139711
138844
138025
137246
136489
135789
135147
134574
134066
133577
133123
132652
132183
131757
131301
130844
130390
129758
129202
128669
128173
127709
127316
126931
126566
126174
125779
125381
124994
124589
124178
123773
123386
123016
122618
122286
121959
121623
121299
120973
120654
120370
120103
119826
119565
119294
119025
118811
118603
118408
118238
118072
117909
117776
117637
117502
117173
116886
116606
116391
116180
115973
115773
115605
115438
115282
115138
115031
114925
114829
114724
114641
114567
114487
114400
114318
114215
114137
114047
114009
113999
114019
114070
114120
114163
114207
114204
114211
114232
114213
114194
114172
114177
114187
114199
114221
114246
114254
114266
114276
114285
114297
114308
114312
114337
114357
114376
114415
114445
114477
114506
114545
