669
938
1239
1569
1908
2388
2951
3575
5070
6601
8160
9737
11333
12971
14634
16305
17983
19662
21342
23039
24750
26465
29803
33141
36724
40319
44060
47912
51796
55686
59734
63909
68097
72299
76508
81006
85670
89611
93644
97714
101905
106234
110570
115018
119554
124127
128721
133325
137937
142895
147941
153032
158161
163295
168483
173693
178919
184168
189502
194856
200245
205630
211022
216356
221675
226982
232270
237672
243041
248383
253709
259043
264392
269743
275093
280445
286155
291976
297817
303695
309580
315478
321323
327077
332768
337696
342612
347439
352231
356936
361572
366192
370801
375359
379916
384481
389005
393420
397585
401472
405233
408843
412378
415737
417852
419556
421153
422675
424167
425498
426769
427947
428716
429332
429906
430460
430963
431289
431484
431541
431560
431285
430922
429641
428332
426933
425476
423679
421834
419935
417956
415906
413711
411487
409220
406521
403769
400958
398112
394966
391602
388182
384649
380910
377131
373257
369331
365361
361188
356988
352270
347539
342768
337982
333064
328075
323064
318019
312950
307783
302640
297526
292451
287419
282431
277512
272629
268242
263857
259390
254918
250417
245892
240498
235086
229580
223932
218272
212607
206956
201399
195807
190278
184843
179459
174131
169171
164493
159822
155164
150515
145913
141318
136726
132252
127783
123333
118899
114682
110522
106407
102318
99158
96187
93270
90427
87933
85474
83117
80979
78916
76927
75130
73647
72178
70716
69266
67818
66462
65106
63744
62396
61192
60007
58806
57644
56532
55437
54666
53934
53215
52509
51988
51605
51282
50970
50901
50876
50886
50970
51184
51397
51636
51896
52199
52708
53229
53758
54352
55019
55708
56418
57572
58777
59997
61322
62936
64569
66242
67976
69729
71507
73299
75136
77002
79753
82591
85486
89001
92810
96705
100634
104610
108597
112605
116820
121367
125928
130577
135272
139992
144774
149604
154520
159440
164376
169350
174555
179822
185158
190543
195963
202129
208376
213836
219366
224932
230516
236041
241885
247809
253777
259769
265790
271909
278058
284280
290387
296494
302599
308627
314955
321481
328048
334702
341377
348077
354804
361542
367394
373203
378998
384782
390690
396602
402528
408415
414319
420262
426173
432042
437707
442531
447357
452160
456998
461823
466634
471202
475756
480281
484774
489296
492664
495880
499087
502225
505312
508398
511460
514518
517535
520550
523535
526451
529169
531775
534250
536617
538938
541144
544127
546759
548945
550971
552913
554461
556142
557903
559579
560808
561970
563116
564141
565088
565992
566721
567285
567732
568077
568332
568505
568561
568515
568378
568022
567481
566578
565546
564446
563237
561945
560557
558969
556822
554554
552211
549764
547237
544606
541868
539029
536101
533028
529895
526836
523673
520353
517012
513647
510046
506470
502906
499365
495565
491836
488154
484883
481522
477942
474345
470708
466989
463179
459364
455531
451664
447816
443987
440100
436248
432438
428653
424876
421176
417512
413992
410443
406580
402701
398770
394695
390587
386538
382516
378321
374095
369851
365486
361220
356980
352738
348506
344334
340214
336063
331894
327734
323606
319548
315502
311796
308084
304215
300331
296450
292596
288738
285078
281146
277090
273055
269035
265064
261114
257171
253212
249368
245592
241880
238303
234931
231570
228259
225059
221788
218535
215330
212190
209155
206164
203230
200289
197513
194755
191994
189258
186561
183912
181310
178704
176111
173590
171099
168651
166813
165004
163186
161371
159557
157781
156035
154514
153007
151641
150239
148835
147468
146115
144763
143431
142103
140784
139464
138222
137027
135859
134731
133660
132586
131522
130493
129497
128558
127666
126841
126019
125224
124408
123645
122909
122208
121541
121016
120535
119989
119459
118956
118494
118110
117704
117314
116952
116628
116329
116066
115977
115909
115895
115892
115911
115944
115996
116066
115971
115960
115962
115949
115952
115965
115977
115915
115850
115779
115708
115651
115590
115518
115437
115285
115171
115091
115012
114937
114863
114806
114755
114762
114478
114150
113796
113426
113037
112629
112209
111765
111312
110866
110424
109994
109570
109111
108609
108106
107607
107102
106587
106060
105511
104995
104492
103972
103449
102915
102375
101839
101263
100681
100104
99509
98898
98276
97627
96909
96182
95466
94761
94061
93364
92671
91976
91306
90629
89936
89252
88518
87768
87006
86229
85438
84680
83910
83115
82315
81508
80689
79849
78997
78143
77282
76410
75540
74663
73785
72917
72034
71161
70291
69607
68935
68283
67637
67095
66554
65971
65394
64809
64177
63538
62839
62199
61556
60927
60304
59691
59086
58458
57837
57217
56607
55994
55396
55039
54723
54429
54160
53894
53631
53389
53201
53018
52838
52659
52481
52341
52219
52103
52002
51905
51842
51775
51723
51678
51640
51620
51611
51679
51749
51824
51896
51968
52039
52118
52232
52355
52485
52661
52850
53064
53284
53512
53744
53982
54218
54470
54753
55046
55349
55663
56007
56359
56719
57106
57506
57962
58427
58909
59402
59922
60446
60972
61497
62031
62574
63136
63704
64280
64872
65460
66050
66681
67349
68012
68668
69305
69930
70458
70990
71568
72189
72818
73448
74088
74735
75375
76013
76637
77253
77861
78454
79055
79646
80220
80780
81332
81868
82391
82891
83377
83849
84324
84794
85272
85732
86183
86630
87082
87535
87978
88420
88861
89295
89727
90126
90532
90942
91353
91777
92195
92609
92961
93313
93665
94018
94371
94720
95069
95415
95758
96095
96419
96738
97034
97326
97617
97904
98156
98396
98624
98843
99061
99279
99496
99700
99892
100083
100273
100455
100631
100804
100969
101124
101074
100976
100866
100753
100635
100521
100449
100375
100302
100224
100144
100060
99925
99785
99650
99508
99362
99214
99064
98924
98787
98615
98444
98277
97869
97432
96988
96536
96090
95642
95183
94709
94173
93648
93120
92634
92113
91576
91025
90466
89902
89335
88774
88215
87626
87025
86409
85800
85184
84561
83935
83310
82684
82056
81421
80752
80073
79386
78679
77952
77228
76506
75770
75037
74299
73559
72815
72063
71303
70536
69766
68985
68198
67407
66604
65795
64978
64161
63338
62516
61688
60851
60006
59154
58292
57422
56535
55648
54717
53801
52896
52006
51127
50282
49454
48634
47831
47047
46361
45677
45149
44647
44140
43630
43106
42579
42069
41543
41034
40540
40061
39596
39153
38735
38379
38043
37715
37399
37097
36788
36495
36216
35942
35671
35649
35654
35679
35723
35774
35828
35902
35995
36093
36229
36369
36551
36761
36987
37228
37471
37723
37980
38303
38624
38966
39325
39696
40076
40471
40874
41286
41698
42113
42539
42978
43458
43954
44481
45048
45644
46265
46894
47532
48176
48821
49445
50075
