8786875
9256332
9724285
10204002
10695735
11194753
11697535
12209171
12727160
13257167
13797553
14345160
14902617
15472568
16052793
16647282
17250814
17866042
18489074
19118108
19753018
20393807
21039150
21690056
22348470
23014488
23684821
24358855
25048246
25740857
26437156
27136318
27835388
28533883
29238488
29952853
30665725
31330073
31997337
32661905
33335118
34009680
34686837
35363658
36043850
36727628
37416740
38106809
38798488
39489928
40180431
40873086
41569700
42268389
42967164
43667602
44370736
45076343
45785324
46500513
47220115
47846550
48461233
49069001
49670962
50185192
50700811
51211876
51719301
52224852
52729543
53235006
53750860
54264183
54773790
55289836
55806144
56323023
56831457
57336998
57833550
58327535
58826338
59327183
59818358
60309003
60795199
61269668
61747588
62223303
62695988
63166086
63634693
64105475
64574921
65038009
65499895
65969679
66509816
67062229
67617403
68177680
68808442
69437295
70067749
70695257
71323228
71951887
72576187
73193516
73810286
74424662
75037491
75646123
76252203
76854349
77460219
78060230
78657290
79247473
79838373
80426496
81010146
81593521
82139845
82683004
83224675
83791775
84354753
84915677
85474340
86034030
86597409
87161572
87725706
88292939
88865548
89443580
90024596
90602809
91182159
91756254
92331146
92901814
93473381
94042299
94610730
95178920
95746221
96315075
96886200
97455374
98020200
98584018
99139261
99703362
100272209
100840183
101408465
101978386
102543300
103109154
103673839
104236416
104799564
105364863
105925613
106485170
107045098
107604371
108160977
108715343
109270247
109822432
110373039
110924844
111477051
112027574
112576744
113119017
113660329
114197760
114732524
115256810
115780561
116298261
116809148
117319773
117828181
118329302
118824859
119318529
119810082
120300463
120787175
121266562
121740189
122214675
122684498
123148461
123603214
124053285
124494627
124933363
125368188
125796401
126218770
126636010
127048930
127454987
127858493
128256032
128651557
129040867
129426272
129802726
130174801
130539371
130895736
131249217
131598286
131943650
132286061
132624632
132957580
133282744
133603780
133919148
134226883
134531770
134828752
135117739
135398704
135674925
135940758
136198160
136446956
136687798
136925864
137160369
137385944
137603492
137818119
138025971
138228632
138424420
138613484
138793076
138966556
139132593
139290863
139444179
139591912
139732885
139865341
139990498
140109698
140225747
140330040
140428044
140516049
140598527
140676559
140747071
140807069
140860443
140902499
140936731
140963325
140984023
140999289
141008454
141012944
141008186
140998338
140981518
140957002
140927867
140892557
140851355
140804434
140751348
140693278
140628323
140559612
140487238
140409868
140328768
140242116
140151596
140055787
139953652
139845434
139731917
139613312
139489593
139359762
139223959
139084111
138941265
138794282
138644320
138489322
138326506
138160074
137989608
137815957
137634432
137451001
137262787
137069863
136870966
136667626
136461594
136250809
136035769
135813995
135590149
135360786
135129187
134892996
134651462
134405261
134155468
133901853
133642971
133378541
133107453
132832251
132553178
132269654
131982435
131690073
131392887
131090365
130786610
130481242
130169852
129855188
129537598
129214920
128886110
128555739
128221602
127884155
127544350
127201156
126854909
126505380
126151829
125793853
125430894
125063142
124692806
124318938
123942062
123559439
123173503
122784872
122394394
122000239
121603257
121204932
120802610
120395000
119986799
119576113
119163504
118748048
118330184
117908723
117485078
117060042
116631141
116198989
115763668
115325451
114883622
114439758
113994315
113544501
113093316
112640150
112183440
111724325
111262130
110795094
110325050
109852512
109377596
108900764
108423099
107943667
107461923
106977565
106490453
106003541
105514974
105025126
104532371
104037850
103542100
103045469
102546974
102047612
101547052
101046880
100542968
100038025
99533333
99027032
98518894
98009459
97498103
96984931
96471691
95958127
95442460
94925926
94408359
93890326
93372427
92853349
92334770
91816563
91298654
90780874
90263759
89746314
89229160
88711179
88193982
87676976
87159504
86641673
86124035
85605596
85087758
84569646
84052357
83535234
83018701
82502673
81987477
81472316
80957758
80443864
79931674
79420645
78909920
78401032
77892661
77385446
76879928
76375132
75871406
75368663
74866636
74364455
73863937
73363503
72864301
72366486
71869212
71372146
70876571
70382057
69888613
69396882
68907066
68419258
67932593
67447559
66963814
66481408
66000112
65520463
65041540
64564391
64089578
63616210
63144133
62673751
62204401
61737044
61271490
60807289
60344659
59884203
59425600
58968859
58513293
58059950
57608392
57157800
56707819
56259999
55813827
55369590
54927052
54485932
54046352
53608871
53173077
52739318
52307400
51876852
51447866
51020903
50595582
50171821
49749978
49330470
48913030
48498404
48086085
47675607
47266267
46858920
46453160
46049232
45646869
45246712
44848798
44452322
44057531
43664858
43274486
42886100
42499780
42115345
41732696
41352423
40974076
40597420
40222958
39850888
39481091
39113413
38747838
38383951
38022139
37662131
37304549
36948537
36594563
36242665
35892411
35543971
35197711
34853264
34510923
34171088
33833503
33497950
33164628
32833549
32504965
32178654
31854653
31532777
31213361
30896280
30582391
30270849
29961054
29653523
29348245
29045185
28744173
28445294
28148499
27853909
27561669
27271329
26983087
26696874
26412706
26130699
25850770
25573122
25297184
25023367
24751521
24480061
24210695
23943377
23678321
23415606
23155224
22897080
22641149
22387388
22135625
21886111
21638793
21393902
21151691
20911598
20673419
20437110
20202937
19970815
19740733
19512582
19286921
19063587
18842485
18623341
18406260
18191088
17977728
17766078
17556403
17348652
17143067
16939427
16737762
16538175
16340657
16145027
15952353
15761508
15572427
15385239
15199773
15016169
14834479
14654695
14476869
14300625
14126178
13953477
13782504
13613234
13445495
13279209
13114539
12951576
12790350
12630756
12473483
12317929
12164159
12012166
11862042
11713688
11567109
11422084
11278890
11137319
10997103
10858408
10721398
10585877
10451763
10319101
10187821
10058120
9930115
9803562
9678612
9555144
9433121
9312675
9193735
9076115
8959989
8845290
8732016
8620168
8509859
8400928
8293389
8187167
8082225
7978682
7876251
7774968
7675146
7576580
7479217
7383143
7288408
7195006
7102774
7011684
6921715
6832966
6745366
6658803
6573271
6488899
6405688
6323607
6242633
6162671
6083800
6005890
5929127
5853415
5778704
5704977
5632267
5560430
5489565
5574251
5670588
5772464
5878406
6003083
6139137
6278916
6424063
6574574
6736440
6908082
7085044
7276293
7469998
7670450
7879137
8091765
8306698
8529910
8755513
8990809
9228398
9468246
9717803
9974105
10238694
10508568
10792696
11080658
11370798
11667487
11966350
12270320
12577861
12891918
13206266
13523109
13727720
13924647
14121257
14316921
14502267
14681828
14867086
15051032
15233664
15410350
15589837
15767823
15940624
16114958
16286726
16456403
16624674
16793908
16961436
17131554
17296096
17461992
17640603
17813816
17985667
18154882
18324875
18485713
18658255
18829692
19004898
19176054
19351644
19526989
19696718
19864835
20027647
20186513
20344765
20500371
20647968
20793445
20934750
21066687
21201981
21342914
21479819
21612039
21743447
21876328
22009962
22137446
22257359
22376028
22489037
22598693
22708202
22819258
22925977
23014787
23101155
23180804
23250535
23311423
23372427
23417492
23459054
23495553
23538959
23576156
23609643
23641621
23673104
23700757
23727348
23752591
23775501
23804495
23836898
23872298
23904903
23930726
23921133
23924398
23931173
23939321
23943760
23940094
23941851
23946953
23950055
23957134
23962500
23972959
23987688
24006837
24033638
24066163
24102330
24142222
24191041
24239606
24289851
24351434
24412187
24469954
24529223
24592332
24653121
24724496
24796596
24868062
24940547
25013778
25089782
25172514
25259920
25353418
25448476
25565115
25674498
25771230
25869223
25960086
26052467
26140167
26233476
26325723
26419540
26518245
26614754
26702784
26791076
26881861
26970561
27059374
27144423
27222892
27307593
27389740
27465604
27536924
27608623
27675876
27743687
27811631
27875218
27929423
27984411
28041852
28098401
28153800
28198827
28238858
28282654
28333333
28383150
28432468
28495871
28557223
28617528
28681133
28743444
28795907
28858570
28918641
28973117
29025400
29074990
29121358
29173644
29225257
29275620
29335007
29393144
29446648
29504564
29556363
29611437
29665623
29721047
29770785
29820978
29864358
29920129
29972800
30022297
30069406
30112975
30154112
30194201
30225630
30252133
30285274
30315052
30332696
30344530
30360032
30374499
30389742
30410782
30420010
30425830
30427655
30429816
30434975
30438401
30433087
30423129
30408736
30384155
30358234
30329461
30301984
30274709
30243889
30213060
30181550
30152779
30122542
30098536
30066912
30031441
29994645
29959873
29924952
29891565
29856341
29820769
29778678
29731763
29682809
29633794
29579743
29525989
29468708
29411736
29350215
29285562
29221770
29156212
29085869
29008748
28928527
28844425
28763424
28682657
28607442
28530886
28454673
28378668
28308707
28240539
28164987
28085616
28005852
