53475
54499
55586
56748
57993
59314
60726
62207
63766
65380
67073
68845
70712
72627
74626
76695
78831
81051
83342
85687
88128
90653
93254
95913
98635
101461
104351
107344
110414
113581
116864
120177
123555
127013
130542
134154
137803
141488
145186
148970
152801
156706
160629
164585
168563
172590
176614
180669
184732
188814
192938
197123
201361
205642
209939
214284
218663
223067
227561
232052
236542
241085
245635
250169
254743
259307
263943
268534
273118
277734
282376
287005
291650
296250
300847
305426
309998
314534
319110
323678
328254
332831
337413
341975
346546
351121
355676
360289
364872
369535
374210
378851
383496
388157
392837
397514
402205
406870
411556
416255
420886
425595
430316
435007
439687
444349
449025
453737
458510
463271
468018
472701
477405
482117
486868
491659
496484
501338
506141
510954
515795
520585
525394
530189
535025
539817
544601
549454
554262
559146
564022
568906
573820
578759
583664
588604
593532
598472
603451
608408
613393
618412
623462
628589
633670
638809
643977
649220
654459
659705
664968
670234
675487
680770
686038
691326
696595
701775
706972
712124
717221
722329
727491
732689
737893
743056
748257
753441
758639
763770
768914
773992
779036
784066
789073
794126
799166
804156
809087
814016
818897
823800
828700
833591
838473
843300
848081
852863
857670
862438
867218
872049
876815
881624
886375
891161
896010
900791
905578
910325
915062
919781
924435
929086
933722
938305
942921
947478
952013
956532
961028
965547
970011
974414
978869
983270
987600
991885
996189
1000468
1004786
1009086
1013420
1017751
1022137
1026483
1030944
1035431
1039962
1044476
1049049
1053646
1058225
1062747
1067274
1071831
1076347
1080874
1085402
1089999
1094626
1099307
1104055
1108833
1113607
1118391
1123196
1128055
1132931
1137807
1142694
1147610
1152503
1157355
1162227
1167177
1172108
1177022
1181966
1186999
1192007
1197077
1202203
1207281
1212380
1217430
1222444
1227462
1232479
1237518
1242578
1247643
1252701
1257661
1262644
1267658
1272617
1277615
1282600
1287621
1292596
1297546
1302547
1307542
1312487
1317447
1322439
1327420
1332379
1337402
1342303
1347207
1352102
1357019
1361939
1366872
1371726
1376635
1381491
1386326
1391117
1395923
1400683
1405511
1410308
1415118
1419922
1424707
1429513
1434262
1438963
1443579
1448147
1452679
1457217
1461660
1466082
1470468
1474871
1479265
1483686
1488098
1492607
1497193
1501766
1506273
1510860
1515490
1520021
1524480
1528894
1533202
1537413
1541615
1545836
1550092
1554332
1558538
1562701
1566823
1570952
1575088
1579267
1583494
1587667
1591831
1595982
1600153
1604350
1608531
1612727
1616940
1621131
1625345
1629588
1633822
1637999
1642170
1646305
1650364
1654462
1658458
1662332
1666141
1669919
1673650
1677355
1681013
1684694
1688407
1692156
1695798
1699424
1702969
1706502
1709989
1713485
1716949
1720336
1723728
1727096
1730389
1733623
1736824
1740022
1743289
1746511
1749697
1752842
1755932
1758972
1761862
1764625
1767297
1769901
1772461
1774920
1777298
1779778
1782263
1784669
1787098
1789570
1791976
1794317
1796589
1798815
1800982
1803133
1805255
1807313
1809256
1811118
1812903
1814711
1816458
1818166
1819708
1821142
1822535
1823875
1825125
1826274
1827303
1828245
1829151
1830019
1830842
1831630
1832362
1833076
1833845
1834667
1835453
1836166
1836805
1837405
1837956
1838392
1838722
1838908
1839119
1839278
1839379
1839423
1839402
1839292
1839153
1838997
1838787
1838534
1838329
1838051
1837750
1837335
1836839
1836307
1835638
1834830
1834011
1833148
1832336
1831469
1830506
1829556
1828566
1827509
1826344
1825015
1823600
1822183
1820721
1819109
1817456
1815764
1814056
1812267
1810395
1808443
1806429
1804335
1802255
1800102
1797926
1795656
1793368
1790998
1788637
1786284
1783860
1781392
1778882
1776352
1773792
1771212
1768539
1765811
1762993
1760093
1757239
1754259
1751126
1747906
1744609
1741262
1737858
1734384
1730857
1727352
1723813
1720309
1716808
1713225
1709602
1705909
1702136
1698381
1694639
1690833
1686895
1682917
1678892
1674886
1670816
1666740
1662622
1658406
1654240
1650165
1646065
1641948
1637764
1633594
1629408
1625100
1620762
1616399
1612062
1607689
1603261
1598787
1594286
1589813
1585358
1580863
1576350
1571823
1567332
1562850
1558340
1553819
1549285
1544780
1540208
1535686
1531104
1526540
1521973
1517338
1512672
1507973
1503240
1498512
1493769
1488989
1484218
1479461
1474714
1469992
1465208
1460492
1455799
1451116
1446433
1441767
1437158
1432525
1427894
1423211
1418555
1413878
1409088
1404334
1399610
1394934
1390249
1385510
1380717
1375911
1371175
1366456
1361714
1356936
1352197
1347486
1342781
1338147
1333478
1328719
1323920
1319043
1314160
1309234
1304329
1299478
1294604
1289716
1284826
1279960
1275120
1270292
1265419
1260546
1255614
1250652
1245652
1240651
1235610
1230574
1225554
1220577
1215512
1210442
1205396
1200249
1195159
1190075
1184964
1179926
1174924
1169924
1164953
1159943
1154956
1149961
1144983
1140018
1135097
1130135
1125184
1120181
1115163
1110123
1105089
1100045
1094989
1089984
1084988
1079999
1074987
1069944
1064986
1060021
1055022
1050014
1045033
1040081
1035130
1030207
1025255
1020311
1015347
1010399
1005449
1000458
995465
990448
985471
980528
975623
970822
966060
961334
956614
951895
947207
942525
937852
933212
928595
924005
919460
914891
910360
905876
901422
896993
892577
888167
883736
879255
874810
870339
865899
861490
857076
852682
848261
843832
839444
835037
830643
826293
821966
817664
813350
809032
804693
800374
796056
791777
787532
783277
779056
774835
770591
766331
762069
757814
753562
749376
745171
740969
736799
732611
728425
724237
720075
715896
711747
707580
703453
699332
695172
691012
686846
682707
678561
674411
670233
666011
661773
657517
653259
649014
644781
640585
636389
632185
627939
623656
619360
615078
610786
606475
602143
597805
593472
589137
584835
580597
576396
572220
568033
563866
559698
555494
551345
547180
542956
538797
534631
530444
526238
522017
517807
513588
509372
505150
500952
496749
492536
488366
484195
480037
475911
471788
467676
463590
459504
455394
451288
447203
443141
439125
435149
431176
427225
423324
419449
415603
411756
407946
404194
400462
396740
393021
389295
385587
381892
378226
374606
371011
367447
363898
360335
356748
353191
349646
346157
342727
339329
335968
332626
329319
326051
322798
319565
316350
313146
309925
306706
303510
300351
297216
294100
291018
287970
284944
281965
278977
276024
273130
270267
267425
264598
261809
259063
256342
253640
250966
248327
245706
243087
240497
237940
235423
232934
230452
228001
225579
223198
220835
218455
216081
213706
211352
208998
206651
204314
201983
199678
197391
195119
192894
190713
188545
186424
184333
182280
180247
178207
176199
174207
172245
170333
168463
166610
164795
162996
161200
159421
157651
155917
154196
152492
150831
149199
147599
146022
144476
142966
141476
139988
138526
137097
135698
134299
132921
131564
130226
128894
127561
126235
124937
123663
122408
121150
119927
118724
117523
116334
115162
114011
112869
111734
110605
109483
108393
107318
106266
105214
104196
103214
102238
101283
100365
99474
98606
97758
96932
96119
95315
94520
93730
92949
92200
91475
90766
90053
89356
88687
88023
87369
86716
86073
85438
84811
84194
83579
82991
82413
81840
81274
80711
80162
79612
79085
78576
78086
77606
77132
76672
76233
75800
75367
74946
74582
74234
73912
73586
73283
73011
72758
72539
72336
72136
71970
71817
71671
71553
71457
71379
71342
71325
71339
71370
71414
71460
