53915
54946
56058
57228
58449
59713
61031
62410
63850
65338
66865
68439
70054
71756
73526
75368
77271
79269
81326
83445
85658
87966
90341
92837
95428
98139
100948
103821
106822
109911
113080
116299
119590
122929
126333
129791
133281
136823
140354
143897
147496
151137
154841
158528
162251
165997
169792
173623
177441
181311
185189
189105
193052
196990
200936
204882
208915
212929
216966
221042
225170
229292
233438
237620
241811
246003
250236
254496
258768
263062
267408
271811
276267
280759
285248
289748
294276
298832
303365
307891
312478
317064
321690
326316
330924
335531
340171
344820
349484
354119
358711
363296
367924
372525
377105
381656
386171
390740
395274
399804
404345
408913
413492
418107
422710
427276
431890
436530
441192
445825
450478
455151
459851
464554
469283
473975
478646
483328
488029
492695
497361
502004
506687
511358
516058
520769
525416
530111
534794
539471
544114
548808
553544
558273
562973
567666
572353
577025
581688
586344
591021
595617
600152
604678
609199
613732
618272
622780
627332
631890
636397
640928
645451
649936
654460
658987
663469
667933
672369
676889
681464
686095
690626
695170
699702
704227
708797
713382
717954
722507
726998
731413
735861
740357
744864
749370
753847
758326
762726
767175
771612
776039
780426
784882
789326
793804
798311
802822
807322
811807
816374
821006
825615
830250
834898
839519
844178
848814
853382
857946
862496
866985
871472
876005
880584
885141
889694
894242
898790
903347
907813
912341
916858
921391
925935
930488
935071
939686
944265
948862
953467
958074
962701
967365
972082
976829
981636
986456
991251
996021
1000788
1005447
1010149
1014823
1019475
1024150
1028839
1033455
1038075
1042743
1047507
1052286
1057024
1061687
1066376
1071069
1075830
1080541
1085330
1090161
1094941
1099685
1104457
1109228
1113984
1118751
1123517
1128287
1133077
1137952
1142777
1147524
1152261
1156969
1161685
1166398
1171151
1175903
1180738
1185650
1190584
1195539
1200441
1205360
1210247
1215187
1220109
1225039
1229946
1234883
1239807
1244688
1249627
1254529
1259413
1264248
1269044
1273834
1278707
1283568
1288403
1293200
1298024
1302801
1307512
1312179
1316833
1321431
1326072
1330683
1335286
1339981
1344691
1349403
1354119
1358794
1363460
1368183
1372894
1377583
1382285
1386996
1391712
1396429
1401116
1405753
1410337
1414919
1419480
1424008
1428575
1433157
1437716
1442255
1446833
1451305
1455806
1460276
1464747
1469163
1473564
1477989
1482340
1486691
1491045
1495446
1499742
1504039
1508360
1512569
1516742
1520926
1525095
1529193
1533245
1537284
1541346
1545396
1549418
1553392
1557381
1561402
1565320
1569261
1573169
1577090
1581068
1585008
1588854
1592718
1596565
1600440
1604256
1608131
1612013
1615953
1619887
1623779
1627681
1631563
1635376
1639126
1642865
1646548
1650223
1653870
1657465
1660991
1664546
1668104
1671611
1675076
1678468
1681836
1685153
1688472
1691819
1695137
1698438
1701718
1704998
1708281
1711547
1714799
1717936
1721067
1724099
1727103
1730006
1732902
1735803
1738650
1741617
1744548
1747415
1750140
1752841
1755479
1758006
1760612
1763163
1765691
1768178
1770609
1773062
1775429
1777761
1779962
1782148
1784338
1786514
1788642
1790756
1792838
1794883
1796896
1798811
1800738
1802628
1804432
1806132
1807801
1809335
1810709
1812019
1813264
1814432
1815577
1816603
1817586
1818536
1819433
1820299
1821190
1821966
1822724
1823446
1824114
1824679
1825159
1825534
1825916
1826231
1826542
1826823
1827062
1827167
1827213
1827183
1827066
1826797
1826463
1826013
1825488
1824985
1824446
1823870
1823186
1822522
1821781
1820918
1819976
1818862
1817664
1816416
1815174
1813921
1812569
1811153
1809578
1807915
1806177
1804432
1802650
1800790
1798925
1796936
1794929
1792867
1790724
1788453
1786088
1783672
1781179
1778711
1776173
1773601
1770887
1768090
1765247
1762390
1759460
1756552
1753654
1750678
1747661
1744547
1741435
1738295
1735134
1731959
1728759
1725452
1722095
1718714
1715257
1711718
1708190
1704608
1700969
1697342
1693673
1689948
1686159
1682315
1678451
1674601
1670767
1666929
1663109
1659318
1655454
1651621
1647714
1643777
1639799
1635825
1631883
1627847
1623808
1619789
1615812
1611796
1607766
1603728
1599630
1595485
1591404
1587336
1583271
1579183
1575104
1570996
1566885
1562737
1558497
1554260
1550017
1545709
1541386
1537134
1532854
1528533
1524193
1519801
1515350
1510854
1506372
1501890
1497398
1492919
1488412
1483881
1479262
1474674
1470075
1465506
1460888
1456270
1451638
1447027
1442408
1437862
1433263
1428685
1424120
1419582
1414991
1410389
1405799
1401208
1396587
1392041
1387517
1383040
1378586
1374106
1369557
1364983
1360414
1355855
1351298
1346695
1342138
1337592
1333058
1328480
1323897
1319279
1314606
1309979
1305291
1300646
1296074
1291493
1286973
1282431
1277858
1273264
1268623
1264004
1259406
1254767
1250123
1245481
1240919
1236393
1231851
1227347
1222841
1218280
1213730
1209167
1204602
1200045
1195566
1191118
1186716
1182364
1178014
1173661
1169323
1165002
1160704
1156382
1152071
1147771
1143478
1139168
1134853
1130465
1126089
1121711
1117394
1113055
1108737
1104416
1100100
1095776
1091457
1087101
1082738
1078286
1073787
1069249
1064632
1060013
1055443
1050836
1046194
1041519
1036844
1032190
1027519
1022839
1018120
1013418
1008722
1004079
999458
994743
990021
985317
980544
975783
970999
966226
961460
956726
952041
947392
942675
937999
933327
928671
923967
919244
914549
909830
905166
900541
895927
891338
886801
882235
877613
872996
868354
863677
858982
854288
849619
844967
840358
835763
831148
826522
821894
817279
812639
808032
803409
798719
793971
789215
784408
779614
774816
770042
765265
760515
755779
751106
746463
741805
737189
732595
727979
723414
718849
714305
709765
705266
700750
696215
691687
687166
682617
678085
673587
669104
664636
660124
655627
651120
646602
642082
637579
633053
628546
624012
619512
615014
610504
605996
601500
597039
592571
588143
583637
579109
574572
570017
565422
560853
556308
551747
547181
542643
538133
533631
529108
524550
519973
515418
510883
506354
501832
497331
492874
488430
483996
479600
475236
470904
466633
462382
458163
453973
449790
445618
441482
437319
433168
429051
424952
420861
416779
412708
408653
404598
400566
396517
392510
388515
384566
380644
376771
372905
369033
365227
361435
357697
353984
350320
346657
343020
339369
335766
332145
328556
324992
321443
317918
314410
310922
307407
303925
300448
297034
293652
290316
287024
283775
280576
277404
274279
271197
268148
265114
262108
259158
256257
253376
250509
247681
244883
242116
239362
236632
233934
231262
228640
226041
223451
220852
218258
215690
213154
210637
208149
205678
203270
200883
198547
196233
193953
191704
189493
187320
185172
183065
180990
178937
176915
174912
172919
170941
168965
167032
165097
163190
161308
159444
157611
155836
154076
152362
150668
149013
147376
145768
144182
142620
141093
139616
138186
136759
135365
133998
132654
131319
129994
128683
127376
126092
124836
123584
122333
121103
119881
118674
117481
116313
115159
114003
112867
111737
110634
109550
108481
107417
106366
105343
104341
103385
102445
101513
100588
99690
98807
97931
97048
96180
95315
94456
93607
92787
91965
91165
90379
89597
88826
88066
87335
86622
85928
85242
84573
83908
83260
82622
81993
81380
80783
80187
79621
79062
78510
77978
77454
76947
76445
75949
75447
74936
74437
73959
73483
73016
72560
72130
71713
71305
70910
70546
70182
69833
69513
69211
68916
68619
68353
68100
67857
67654
67475
67334
67199
